------TIME------

895.785817
895.788652
895.791633
895.794639
895.884059
895.885136
895.886141
895.888641
895.891348
895.894326
895.897536
895.900465
895.903345
895.906380
895.909707
895.912798
895.915767
895.918737
895.921550
895.924527
895.927694
895.930651
895.933264
895.936459
895.939398
895.942695
895.945524
895.948800
895.951752
895.954762
896.063734
896.070438
896.071541
896.073703
896.076706
896.079724
896.082689
896.085757
896.088690
896.091458
896.419849
896.422699
896.425675
896.428676
896.431695
896.434022
896.589833
896.592414
896.595376
896.598210
896.601648
896.604635
896.618383
896.628673
896.631637
896.634510
896.637608
896.640242
896.643835
896.646836
896.649290
896.652554
896.655457
896.658875
896.661648
896.664886
896.667912
896.670869
896.673749
896.676270
896.679821
896.682350
896.685345
896.688391
896.891903
896.893067
896.895647
896.898623
896.901619
896.904631
896.907625
896.910624
897.024686
897.027632
897.237674
897.238738
897.240165
897.241205
897.244660
897.247635
897.250593
897.253681
897.256655
897.259648
897.262642
897.265353
897.275236
897.325471
897.327408
897.328819
897.331899
897.334742
897.337827
897.340746
897.343722
897.346818
897.349733
897.352481
897.355360
897.367971
897.516991
897.529780
897.530274
897.534123
897.537678
897.540330
897.543277
897.546755
897.549739
897.552731
897.555723
897.558720
897.561710
897.564711
897.567693
897.570239
897.573438
897.576784
897.579784
897.582778
897.585714
897.588785
897.591775
897.594749
897.597715
---SECTOR-----
1871848
1873896
1875944
1877992
1880040
1882088
2373296
2375344
2451984
2456400
2616992
1756992
1757120
1757216
1759264
1762656
1764704
1766752
1768096
1769496
1771544
1773592
1779712
1781072
1798192
1800240
1826872
1828920
1830968
1833016
1836360
1838408
1840456
1842504
1844552
1846600
1848648
1850696
2456400
2458600
2460648
2462696
2464744
2466792
2468840
2470888
2472936
2616992
1756992
1757216
1759264
1761312
1762656
1764704
1766752
1768096
1769480
1769496
1771544
1773592
1779712
1781072
1798192
1800240
1826872
1828920
1830968
1833016
1852728
2373296
2375344
2451984
2457392
2625384
1802240
1804288
1806336
1808384
1810432
1812480
1814528
1816576
1818624
1820672
1822720
1824768
1826816
1852744
1854792
1856840
1858888
1860936
1862984
1865032
1867080
1884120
2373288
2455400
2506752
2508800
2510848
2512896
2514944
2516992
2519040
2521088
2616024
2625472
1756880
1757152
1762312
1773696
1775072
1777120
1779168
1780712
1781816
1783864
1785912
1787960
1790008
1792056
1794104
1796152
1798184
1801488
1836360
1838408
1840456
1842504
1844552
1846600
1848648
1850696
1867760
