------TIME------

49.801455
49.802976
49.805395
49.808436
49.811425
49.814568
49.817407
49.820448
95.251347
95.251880
112.409931
112.412076
112.415410
112.418369
112.421470
112.424449
112.427396
190.045671
190.046503
190.049233
190.052181
190.055207
190.058207
266.388589
266.389112
266.392233
327.235137
327.235823
327.238312
327.241345
327.244342
327.247244
327.250351
383.804310
383.805310
383.808309
383.811258
383.814280
383.817272
383.820264
383.823259
383.826271
423.878038
423.878564
423.881226
423.884198
---SECTOR-----
3671400
0
1400
1496
4840
4872
37928
50520
4872
40440
3671400
0
1400
1496
4872
37936
50520
3671408
8
1400
1496
4872
37936
0
1400
37936
3671400
0
1400
1496
4872
37936
50520
3671400
0
1400
1496
4872
34528
34568
37936
50520
0
1400
4872
37936
